Linux 6.14.0-24-generic (user-lappy)    08/21/2025      _x86_64_        (16 CPU)

07:42:56 PM  pgpgin/s pgpgout/s   fault/s  majflt/s  pgfree/s pgscank/s pgscand/s pgsteal/s    %vmeff
07:42:57 PM      0.00    728.00     71.00      0.00  19856.00      0.00      0.00      0.00      0.00
07:42:58 PM    128.00    156.00   1815.00      0.00   2588.00      0.00      0.00      0.00      0.00
07:42:59 PM      0.00      0.00    750.00      0.00    466.00      0.00      0.00      0.00      0.00
07:43:00 PM      0.00      0.00    305.00      1.00    257.00      0.00      0.00      0.00      0.00
07:43:01 PM      0.00      0.00   2134.00      1.00    591.00      0.00      0.00      0.00      0.00
07:43:02 PM    128.00    824.00    185.00      1.00    264.00      0.00      0.00      0.00      0.00
07:43:03 PM      0.00      0.00   1161.00      1.00    654.00      0.00      0.00      0.00      0.00
07:43:04 PM      0.00      8.00    119.00      1.00    231.00      0.00      0.00      0.00      0.00
07:43:05 PM    128.00     12.00     37.00      1.00    653.00      0.00      0.00      0.00      0.00
07:43:06 PM      0.00      0.00     24.00      1.00    603.00      0.00      0.00      0.00      0.00
07:43:07 PM      0.00     80.00     86.00      1.00     74.00      0.00      0.00      0.00      0.00
07:43:08 PM      0.00      0.00   1201.00      1.00    691.00      0.00      0.00      0.00      0.00
07:43:09 PM      0.00      0.00     19.00      1.00    147.00      0.00      0.00      0.00      0.00
07:43:10 PM    256.00      0.00     19.00      1.00     98.00      0.00      0.00      0.00      0.00
07:43:11 PM      0.00      0.00     41.00      1.00    224.00      0.00      0.00      0.00      0.00
07:43:12 PM      0.00    432.00    102.00      1.00    226.00      0.00      0.00      0.00      0.00
07:43:13 PM      0.00    676.00  31903.00      1.00  10377.00      0.00      0.00      0.00      0.00
07:43:14 PM      0.00      0.00  13593.00      1.00   6326.00      0.00      0.00      0.00      0.00
07:43:15 PM    128.00    600.00    845.00      1.00    900.00      0.00      0.00      0.00      0.00
07:43:16 PM      0.00    132.00     19.00      1.00    350.00      0.00      0.00      0.00      0.00
07:43:17 PM      0.00    144.00   2190.00      0.00   1331.00      0.00      0.00      0.00      0.00
07:43:18 PM    256.00      0.00   4833.00      0.00  32599.00      0.00      0.00      0.00      0.00
